255 254 073 000 078 000 070 000 079 000 
058 000 032 000 032 000 032 000 042 000 
042 000 042 000 042 000 042 000 042 000 
042 000 042 000 042 000 042 000 042 000 
042 000 042 000 042 000 042 000 042 000 
042 000 042 000 042 000 042 000 042 000 
042 000 042 000 042 000 042 000 042 000 
042 000 042 000 042 000 042 000 042 000 
042 000 042 000 042 000 042 000 042 000 
042 000 042 000 042 000 042 000 013 000 
010 000 073 000 078 000 070 000 079 000 
058 000 032 000 032 000 032 000 049 000 
048 000 047 000 050 000 053 000 047 000 
050 000 048 000 049 000 052 000 032 000 
049 000 055 000 058 000 051 000 051 000 
058 000 051 000 050 000 013 000 010 000 
073 000 078 000 070 000 079 000 058 000 
032 000 032 000 032 000 080 000 114 000 
111 000 100 000 117 000 099 000 116 000 
032 000 086 000 101 000 114 000 115 000 
105 000 111 000 110 000 032 000 050 000 
046 000 048 000 046 000 049 000 046 000 
048 000 046 000 013 000 010 000 073 000 
078 000 070 000 079 000 058 000 032 000 
032 000 032 000 086 000 101 000 114 000 
115 000 105 000 111 000 110 000 058 000 
032 000 054 000 046 000 048 000 046 000 
054 000 048 000 048 000 048 000 032 000 
013 000 010 000 073 000 078 000 070 000 
079 000 058 000 032 000 032 000 032 000 
080 000 108 000 097 000 116 000 102 000 
111 000 114 000 109 000 032 000 073 000 
068 000 058 000 032 000 050 000 032 000 
040 000 078 000 084 000 041 000 013 000 
010 000 073 000 078 000 070 000 079 000 
058 000 032 000 032 000 032 000 083 000 
101 000 114 000 118 000 105 000 099 000 
101 000 032 000 080 000 097 000 099 000 
107 000 058 000 032 000 048 000 046 000 
048 000 013 000 010 000 073 000 078 000 
070 000 079 000 058 000 032 000 032 000 
032 000 083 000 117 000 105 000 116 000 
101 000 058 000 032 000 048 000 120 000 
048 000 049 000 048 000 048 000 044 000 
032 000 080 000 114 000 111 000 100 000 
117 000 099 000 116 000 032 000 084 000 
121 000 112 000 101 000 058 000 032 000 
049 000 013 000 010 000 073 000 078 000 
070 000 079 000 058 000 032 000 032 000 
032 000 065 000 114 000 099 000 104 000 
105 000 116 000 101 000 099 000 116 000 
117 000 114 000 101 000 058 000 032 000 
065 000 077 000 068 000 054 000 052 000 
046 000 013 000 010 000 073 000 078 000 
070 000 079 000 058 000 032 000 032 000 
032 000 073 000 110 000 116 000 101 000 
114 000 097 000 099 000 116 000 105 000 
118 000 101 000 032 000 087 000 105 000 
110 000 100 000 111 000 119 000 115 000 
032 000 083 000 116 000 097 000 116 000 
105 000 111 000 110 000 013 000 010 000 
073 000 078 000 070 000 079 000 058 000 
032 000 032 000 032 000 067 000 111 000 
109 000 109 000 097 000 110 000 100 000 
032 000 076 000 105 000 110 000 101 000 
058 000 032 000 039 000 034 000 067 000 
058 000 092 000 080 000 114 000 111 000 
103 000 114 000 097 000 109 000 032 000 
070 000 105 000 108 000 101 000 115 000 
032 000 040 000 120 000 056 000 054 000 
041 000 092 000 067 000 111 000 109 000 
109 000 111 000 110 000 032 000 070 000 
105 000 108 000 101 000 115 000 092 000 
082 000 101 000 109 000 111 000 116 000 
101 000 032 000 067 000 111 000 110 000 
116 000 114 000 111 000 108 000 032 000 
085 000 083 000 066 000 032 000 068 000 
114 000 105 000 118 000 101 000 114 000 
092 000 068 000 080 000 073 000 110 000 
115 000 116 000 092 000 120 000 054 000 
052 000 092 000 100 000 112 000 105 000 
110 000 115 000 116 000 046 000 101 000 
120 000 101 000 034 000 032 000 047 000 
108 000 109 000 032 000 047 000 102 000 
032 000 047 000 115 000 119 000 032 000 
047 000 115 000 097 000 032 000 047 000 
112 000 097 000 116 000 104 000 032 000 
034 000 067 000 058 000 092 000 080 000 
114 000 111 000 103 000 114 000 097 000 
109 000 032 000 070 000 105 000 108 000 
101 000 115 000 032 000 040 000 120 000 
056 000 054 000 041 000 092 000 067 000 
111 000 109 000 109 000 111 000 110 000 
032 000 070 000 105 000 108 000 101 000 
115 000 092 000 082 000 101 000 109 000 
111 000 116 000 101 000 032 000 067 000 
111 000 110 000 116 000 114 000 111 000 
108 000 032 000 085 000 083 000 066 000 
032 000 068 000 114 000 105 000 118 000 
101 000 114 000 092 000 117 000 115 000 
098 000 108 000 097 000 110 000 092 000 
119 000 120 000 112 000 092 000 102 000 
114 000 101 000 034 000 039 000 013 000 
010 000 073 000 078 000 070 000 079 000 
058 000 032 000 032 000 032 000 042 000 
042 000 042 000 042 000 042 000 042 000 
042 000 042 000 042 000 042 000 042 000 
042 000 042 000 042 000 042 000 042 000 
042 000 042 000 042 000 042 000 042 000 
042 000 042 000 042 000 042 000 042 000 
042 000 042 000 042 000 042 000 042 000 
042 000 042 000 042 000 042 000 042 000 
042 000 042 000 042 000 042 000 013 000 
010 000 073 000 078 000 070 000 079 000 
058 000 032 000 032 000 032 000 067 000 
117 000 114 000 114 000 101 000 110 000 
116 000 032 000 119 000 111 000 114 000 
107 000 105 000 110 000 103 000 032 000 
100 000 105 000 114 000 101 000 099 000 
116 000 111 000 114 000 121 000 058 000 
032 000 039 000 067 000 058 000 092 000 
080 000 114 000 111 000 103 000 114 000 
097 000 109 000 032 000 070 000 105 000 
108 000 101 000 115 000 032 000 040 000 
120 000 056 000 054 000 041 000 092 000 
067 000 111 000 109 000 109 000 111 000 
110 000 032 000 070 000 105 000 108 000 
101 000 115 000 092 000 082 000 101 000 
109 000 111 000 116 000 101 000 032 000 
067 000 111 000 110 000 116 000 114 000 
111 000 108 000 032 000 085 000 083 000 
066 000 032 000 068 000 114 000 105 000 
118 000 101 000 114 000 092 000 068 000 
080 000 073 000 110 000 115 000 116 000 
092 000 120 000 054 000 052 000 039 000 
013 000 010 000 073 000 078 000 070 000 
079 000 058 000 032 000 032 000 032 000 
082 000 117 000 110 000 110 000 105 000 
110 000 103 000 032 000 111 000 110 000 
032 000 112 000 097 000 116 000 104 000 
032 000 039 000 067 000 058 000 092 000 
080 000 114 000 111 000 103 000 114 000 
097 000 109 000 032 000 070 000 105 000 
108 000 101 000 115 000 032 000 040 000 
120 000 056 000 054 000 041 000 092 000 
067 000 111 000 109 000 109 000 111 000 
110 000 032 000 070 000 105 000 108 000 
101 000 115 000 092 000 082 000 101 000 
109 000 111 000 116 000 101 000 032 000 
067 000 111 000 110 000 116 000 114 000 
111 000 108 000 032 000 085 000 083 000 
066 000 032 000 068 000 114 000 105 000 
118 000 101 000 114 000 092 000 117 000 
115 000 098 000 108 000 097 000 110 000 
092 000 119 000 120 000 112 000 092 000 
102 000 114 000 101 000 039 000 013 000 
010 000 073 000 078 000 070 000 079 000 
058 000 032 000 032 000 032 000 078 000 
111 000 032 000 118 000 097 000 108 000 
105 000 100 000 032 000 039 000 100 000 
112 000 105 000 110 000 115 000 116 000 
046 000 120 000 109 000 108 000 039 000 
032 000 102 000 105 000 108 000 101 000 
032 000 112 000 114 000 111 000 118 000 
105 000 100 000 101 000 100 000 046 000 
013 000 010 000 073 000 078 000 070 000 
079 000 058 000 032 000 032 000 032 000 
073 000 110 000 115 000 116 000 097 000 
108 000 108 000 032 000 111 000 112 000 
116 000 105 000 111 000 110 000 032 000 
115 000 101 000 116 000 058 000 032 000 
083 000 117 000 112 000 112 000 114 000 
101 000 115 000 115 000 105 000 110 000 
103 000 032 000 087 000 105 000 122 000 
097 000 114 000 100 000 032 000 098 000 
117 000 116 000 032 000 110 000 111 000 
032 000 079 000 083 000 032 000 112 000 
111 000 112 000 117 000 112 000 115 000 
046 000 013 000 010 000 073 000 078 000 
070 000 079 000 058 000 032 000 032 000 
032 000 073 000 110 000 115 000 116 000 
097 000 108 000 108 000 032 000 111 000 
112 000 116 000 105 000 111 000 110 000 
032 000 115 000 101 000 116 000 058 000 
032 000 108 000 101 000 103 000 097 000 
099 000 121 000 032 000 109 000 111 000 
100 000 101 000 032 000 111 000 110 000 
046 000 013 000 010 000 073 000 078 000 
070 000 079 000 058 000 032 000 032 000 
032 000 073 000 110 000 115 000 116 000 
097 000 108 000 108 000 032 000 111 000 
112 000 116 000 105 000 111 000 110 000 
032 000 115 000 101 000 116 000 058 000 
032 000 070 000 111 000 114 000 099 000 
101 000 032 000 105 000 110 000 115 000 
116 000 097 000 108 000 108 000 032 000 
105 000 102 000 032 000 100 000 114 000 
105 000 118 000 101 000 114 000 032 000 
105 000 115 000 032 000 110 000 111 000 
116 000 032 000 098 000 101 000 116 000 
116 000 101 000 114 000 046 000 013 000 
010 000 073 000 078 000 070 000 079 000 
058 000 032 000 032 000 032 000 073 000 
110 000 115 000 116 000 097 000 108 000 
108 000 032 000 111 000 112 000 116 000 
105 000 111 000 110 000 032 000 115 000 
101 000 116 000 058 000 032 000 083 000 
117 000 112 000 112 000 114 000 101 000 
115 000 115 000 032 000 065 000 100 000 
100 000 032 000 111 000 114 000 032 000 
082 000 101 000 109 000 111 000 118 000 
101 000 032 000 080 000 114 000 111 000 
103 000 114 000 097 000 109 000 115 000 
032 000 101 000 110 000 116 000 114 000 
105 000 101 000 115 000 046 000 013 000 
010 000 073 000 078 000 070 000 079 000 
058 000 032 000 032 000 032 000 070 000 
111 000 117 000 110 000 100 000 032 000 
100 000 114 000 105 000 118 000 101 000 
114 000 032 000 112 000 097 000 099 000 
107 000 097 000 103 000 101 000 058 000 
032 000 039 000 067 000 058 000 092 000 
080 000 114 000 111 000 103 000 114 000 
097 000 109 000 032 000 070 000 105 000 
108 000 101 000 115 000 032 000 040 000 
120 000 056 000 054 000 041 000 092 000 
067 000 111 000 109 000 109 000 111 000 
110 000 032 000 070 000 105 000 108 000 
101 000 115 000 092 000 082 000 101 000 
109 000 111 000 116 000 101 000 032 000 
067 000 111 000 110 000 116 000 114 000 
111 000 108 000 032 000 085 000 083 000 
066 000 032 000 068 000 114 000 105 000 
118 000 101 000 114 000 092 000 117 000 
115 000 098 000 108 000 097 000 110 000 
092 000 119 000 120 000 112 000 092 000 
102 000 114 000 101 000 092 000 082 000 
101 000 109 000 111 000 116 000 101 000 
085 000 083 000 066 000 076 000 097 000 
110 000 046 000 105 000 110 000 102 000 
039 000 046 000 013 000 010 000 073 000 
078 000 070 000 079 000 058 000 032 000 
032 000 032 000 080 000 114 000 101 000 
105 000 110 000 115 000 116 000 097 000 
108 000 108 000 105 000 110 000 103 000 
032 000 039 000 099 000 058 000 092 000 
112 000 114 000 111 000 103 000 114 000 
097 000 109 000 032 000 102 000 105 000 
108 000 101 000 115 000 032 000 040 000 
120 000 056 000 054 000 041 000 092 000 
099 000 111 000 109 000 109 000 111 000 
110 000 032 000 102 000 105 000 108 000 
101 000 115 000 092 000 114 000 101 000 
109 000 111 000 116 000 101 000 032 000 
099 000 111 000 110 000 116 000 114 000 
111 000 108 000 032 000 117 000 115 000 
098 000 032 000 100 000 114 000 105 000 
118 000 101 000 114 000 092 000 117 000 
115 000 098 000 108 000 097 000 110 000 
092 000 119 000 120 000 112 000 092 000 
102 000 114 000 101 000 092 000 114 000 
101 000 109 000 111 000 116 000 101 000 
117 000 115 000 098 000 108 000 097 000 
110 000 046 000 105 000 110 000 102 000 
039 000 032 000 046 000 046 000 046 000 
013 000 010 000 073 000 078 000 070 000 
079 000 058 000 032 000 032 000 032 000 
069 000 078 000 084 000 069 000 082 000 
058 000 032 000 032 000 068 000 114 000 
105 000 118 000 101 000 114 000 080 000 
097 000 099 000 107 000 097 000 103 000 
101 000 080 000 114 000 101 000 105 000 
110 000 115 000 116 000 097 000 108 000 
108 000 087 000 013 000 010 000 073 000 
078 000 070 000 079 000 058 000 032 000 
032 000 032 000 082 000 117 000 110 000 
110 000 105 000 110 000 103 000 032 000 
111 000 110 000 032 000 087 000 105 000 
110 000 100 000 111 000 119 000 115 000 
032 000 099 000 111 000 100 000 101 000 
110 000 097 000 109 000 101 000 100 000 
032 000 076 000 111 000 110 000 103 000 
104 000 111 000 114 000 110 000 046 000 
013 000 010 000 087 000 065 000 082 000 
078 000 073 000 078 000 071 000 058 000 
068 000 082 000 073 000 086 000 069 000 
082 000 095 000 080 000 065 000 067 000 
075 000 065 000 071 000 069 000 095 000 
076 000 069 000 071 000 065 000 067 000 
089 000 095 000 077 000 079 000 068 000 
069 000 032 000 102 000 108 000 097 000 
103 000 032 000 115 000 101 000 116 000 
032 000 098 000 117 000 116 000 032 000 
110 000 111 000 116 000 032 000 115 000 
117 000 112 000 112 000 111 000 114 000 
116 000 101 000 100 000 032 000 111 000 
110 000 032 000 076 000 111 000 110 000 
103 000 104 000 111 000 114 000 110 000 
046 000 032 000 070 000 108 000 097 000 
103 000 032 000 119 000 105 000 108 000 
108 000 032 000 098 000 101 000 032 000 
105 000 103 000 110 000 111 000 114 000 
101 000 100 000 046 000 013 000 010 000 
083 000 085 000 067 000 067 000 069 000 
083 000 083 000 058 000 099 000 058 000 
092 000 112 000 114 000 111 000 103 000 
114 000 097 000 109 000 032 000 102 000 
105 000 108 000 101 000 115 000 032 000 
040 000 120 000 056 000 054 000 041 000 
092 000 099 000 111 000 109 000 109 000 
111 000 110 000 032 000 102 000 105 000 
108 000 101 000 115 000 092 000 114 000 
101 000 109 000 111 000 116 000 101 000 
032 000 099 000 111 000 110 000 116 000 
114 000 111 000 108 000 032 000 117 000 
115 000 098 000 032 000 100 000 114 000 
105 000 118 000 101 000 114 000 092 000 
117 000 115 000 098 000 108 000 097 000 
110 000 092 000 119 000 120 000 112 000 
092 000 102 000 114 000 101 000 092 000 
114 000 101 000 109 000 111 000 116 000 
101 000 117 000 115 000 098 000 108 000 
097 000 110 000 046 000 105 000 110 000 
102 000 032 000 105 000 115 000 032 000 
112 000 114 000 101 000 105 000 110 000 
115 000 116 000 097 000 108 000 108 000 
101 000 100 000 046 000 013 000 010 000 
073 000 078 000 070 000 079 000 058 000 
032 000 032 000 032 000 082 000 069 000 
084 000 085 000 082 000 078 000 058 000 
032 000 068 000 114 000 105 000 118 000 
101 000 114 000 080 000 097 000 099 000 
107 000 097 000 103 000 101 000 080 000 
114 000 101 000 105 000 110 000 115 000 
116 000 097 000 108 000 108 000 087 000 
032 000 032 000 040 000 048 000 120 000 
048 000 041 000 013 000 010 000 073 000 
078 000 070 000 079 000 058 000 032 000 
032 000 032 000 069 000 078 000 084 000 
069 000 082 000 058 000 032 000 032 000 
068 000 114 000 105 000 118 000 101 000 
114 000 080 000 097 000 099 000 107 000 
097 000 103 000 101 000 071 000 101 000 
116 000 080 000 097 000 116 000 104 000 
087 000 013 000 010 000 069 000 082 000 
082 000 079 000 082 000 058 000 032 000 
032 000 068 000 114 000 105 000 118 000 
101 000 114 000 080 000 097 000 099 000 
107 000 097 000 103 000 101 000 071 000 
101 000 116 000 080 000 097 000 116 000 
104 000 032 000 105 000 115 000 032 000 
110 000 111 000 116 000 032 000 121 000 
101 000 116 000 032 000 115 000 117 000 
112 000 112 000 111 000 114 000 116 000 
101 000 100 000 032 000 102 000 111 000 
114 000 032 000 080 000 110 000 080 000 
032 000 100 000 114 000 105 000 118 000 
101 000 114 000 115 000 032 000 111 000 
110 000 032 000 076 000 072 000 046 000 
013 000 010 000 073 000 078 000 070 000 
079 000 058 000 032 000 032 000 032 000 
082 000 069 000 084 000 085 000 082 000 
078 000 058 000 032 000 068 000 114 000 
105 000 118 000 101 000 114 000 080 000 
097 000 099 000 107 000 097 000 103 000 
101 000 071 000 101 000 116 000 080 000 
097 000 116 000 104 000 087 000 032 000 
032 000 040 000 048 000 120 000 065 000 
041 000 013 000 010 000 073 000 078 000 
070 000 079 000 058 000 032 000 032 000 
032 000 069 000 078 000 084 000 069 000 
082 000 058 000 032 000 032 000 068 000 
114 000 105 000 118 000 101 000 114 000 
080 000 097 000 099 000 107 000 097 000 
103 000 101 000 073 000 110 000 115 000 
116 000 097 000 108 000 108 000 087 000 
013 000 010 000 073 000 078 000 070 000 
079 000 058 000 032 000 032 000 032 000 
082 000 117 000 110 000 110 000 105 000 
110 000 103 000 032 000 111 000 110 000 
032 000 087 000 105 000 110 000 100 000 
111 000 119 000 115 000 032 000 099 000 
111 000 100 000 101 000 110 000 097 000 
109 000 101 000 100 000 032 000 076 000 
111 000 110 000 103 000 104 000 111 000 
114 000 110 000 046 000 013 000 010 000 
073 000 078 000 070 000 079 000 058 000 
032 000 032 000 032 000 073 000 110 000 
115 000 116 000 097 000 108 000 108 000 
105 000 110 000 103 000 032 000 073 000 
078 000 070 000 032 000 102 000 105 000 
108 000 101 000 032 000 034 000 099 000 
058 000 092 000 112 000 114 000 111 000 
103 000 114 000 097 000 109 000 032 000 
102 000 105 000 108 000 101 000 115 000 
032 000 040 000 120 000 056 000 054 000 
041 000 092 000 099 000 111 000 109 000 
109 000 111 000 110 000 032 000 102 000 
105 000 108 000 101 000 115 000 092 000 
114 000 101 000 109 000 111 000 116 000 
101 000 032 000 099 000 111 000 110 000 
116 000 114 000 111 000 108 000 032 000 
117 000 115 000 098 000 032 000 100 000 
114 000 105 000 118 000 101 000 114 000 
092 000 117 000 115 000 098 000 108 000 
097 000 110 000 092 000 119 000 120 000 
112 000 092 000 102 000 114 000 101 000 
092 000 114 000 101 000 109 000 111 000 
116 000 101 000 117 000 115 000 098 000 
108 000 097 000 110 000 046 000 105 000 
110 000 102 000 034 000 032 000 040 000 
080 000 108 000 117 000 103 000 032 000 
097 000 110 000 100 000 032 000 080 000 
108 000 097 000 121 000 041 000 046 000 
013 000 010 000 073 000 078 000 070 000 
079 000 058 000 032 000 032 000 032 000 
076 000 111 000 111 000 107 000 105 000 
110 000 103 000 032 000 102 000 111 000 
114 000 032 000 077 000 111 000 100 000 
101 000 108 000 032 000 083 000 101 000 
099 000 116 000 105 000 111 000 110 000 
032 000 091 000 082 000 101 000 109 000 
111 000 116 000 101 000 067 000 111 000 
110 000 116 000 114 000 111 000 108 000 
046 000 078 000 084 000 097 000 109 000 
100 000 054 000 052 000 093 000 046 000 
046 000 046 000 013 000 010 000 073 000 
078 000 070 000 079 000 058 000 032 000 
032 000 032 000 078 000 111 000 032 000 
109 000 097 000 116 000 099 000 104 000 
105 000 110 000 103 000 032 000 100 000 
101 000 118 000 105 000 099 000 101 000 
115 000 032 000 102 000 111 000 117 000 
110 000 100 000 032 000 105 000 110 000 
032 000 073 000 078 000 070 000 032 000 
034 000 099 000 058 000 092 000 112 000 
114 000 111 000 103 000 114 000 097 000 
109 000 032 000 102 000 105 000 108 000 
101 000 115 000 032 000 040 000 120 000 
056 000 054 000 041 000 092 000 099 000 
111 000 109 000 109 000 111 000 110 000 
032 000 102 000 105 000 108 000 101 000 
115 000 092 000 114 000 101 000 109 000 
111 000 116 000 101 000 032 000 099 000 
111 000 110 000 116 000 114 000 111 000 
108 000 032 000 117 000 115 000 098 000 
032 000 100 000 114 000 105 000 118 000 
101 000 114 000 092 000 117 000 115 000 
098 000 108 000 097 000 110 000 092 000 
119 000 120 000 112 000 092 000 102 000 
114 000 101 000 092 000 114 000 101 000 
109 000 111 000 116 000 101 000 117 000 
115 000 098 000 108 000 097 000 110 000 
046 000 105 000 110 000 102 000 034 000 
032 000 111 000 110 000 032 000 116 000 
104 000 101 000 032 000 077 000 097 000 
099 000 104 000 105 000 110 000 101 000 
046 000 013 000 010 000 073 000 078 000 
070 000 079 000 058 000 032 000 032 000 
032 000 078 000 111 000 032 000 100 000 
114 000 105 000 118 000 101 000 114 000 
115 000 032 000 105 000 110 000 115 000 
116 000 097 000 108 000 108 000 101 000 
100 000 046 000 032 000 078 000 111 000 
032 000 100 000 101 000 118 000 105 000 
099 000 101 000 115 000 032 000 102 000 
111 000 117 000 110 000 100 000 032 000 
116 000 104 000 097 000 116 000 032 000 
109 000 097 000 116 000 099 000 104 000 
032 000 100 000 114 000 105 000 118 000 
101 000 114 000 040 000 115 000 041 000 
032 000 099 000 111 000 110 000 116 000 
097 000 105 000 110 000 101 000 100 000 
032 000 105 000 110 000 032 000 039 000 
099 000 058 000 092 000 112 000 114 000 
111 000 103 000 114 000 097 000 109 000 
032 000 102 000 105 000 108 000 101 000 
115 000 032 000 040 000 120 000 056 000 
054 000 041 000 092 000 099 000 111 000 
109 000 109 000 111 000 110 000 032 000 
102 000 105 000 108 000 101 000 115 000 
092 000 114 000 101 000 109 000 111 000 
116 000 101 000 032 000 099 000 111 000 
110 000 116 000 114 000 111 000 108 000 
032 000 117 000 115 000 098 000 032 000 
100 000 114 000 105 000 118 000 101 000 
114 000 092 000 117 000 115 000 098 000 
108 000 097 000 110 000 092 000 119 000 
120 000 112 000 092 000 102 000 114 000 
101 000 092 000 114 000 101 000 109 000 
111 000 116 000 101 000 117 000 115 000 
098 000 108 000 097 000 110 000 046 000 
105 000 110 000 102 000 039 000 046 000 
013 000 010 000 073 000 078 000 070 000 
079 000 058 000 032 000 032 000 032 000 
082 000 069 000 084 000 085 000 082 000 
078 000 058 000 032 000 068 000 114 000 
105 000 118 000 101 000 114 000 080 000 
097 000 099 000 107 000 097 000 103 000 
101 000 073 000 110 000 115 000 116 000 
097 000 108 000 108 000 087 000 032 000 
032 000 040 000 048 000 120 000 069 000 
048 000 048 000 048 000 048 000 050 000 
048 000 066 000 041 000 013 000 010 000 
073 000 078 000 070 000 079 000 058 000 
032 000 032 000 032 000 078 000 111 000 
032 000 109 000 097 000 116 000 099 000 
104 000 105 000 110 000 103 000 032 000 
100 000 101 000 118 000 105 000 099 000 
101 000 032 000 119 000 097 000 115 000 
032 000 102 000 111 000 117 000 110 000 
100 000 032 000 102 000 111 000 114 000 
032 000 039 000 099 000 058 000 092 000 
112 000 114 000 111 000 103 000 114 000 
097 000 109 000 032 000 102 000 105 000 
108 000 101 000 115 000 032 000 040 000 
120 000 056 000 054 000 041 000 092 000 
099 000 111 000 109 000 109 000 111 000 
110 000 032 000 102 000 105 000 108 000 
101 000 115 000 092 000 114 000 101 000 
109 000 111 000 116 000 101 000 032 000 
099 000 111 000 110 000 116 000 114 000 
111 000 108 000 032 000 117 000 115 000 
098 000 032 000 100 000 114 000 105 000 
118 000 101 000 114 000 092 000 117 000 
115 000 098 000 108 000 097 000 110 000 
092 000 119 000 120 000 112 000 092 000 
102 000 114 000 101 000 092 000 114 000 
101 000 109 000 111 000 116 000 101 000 
117 000 115 000 098 000 108 000 097 000 
110 000 046 000 105 000 110 000 102 000 
039 000 046 000 032 000 068 000 114 000 
105 000 118 000 101 000 114 000 032 000 
119 000 105 000 108 000 108 000 032 000 
098 000 101 000 032 000 105 000 110 000 
115 000 116 000 097 000 108 000 108 000 
101 000 100 000 032 000 119 000 104 000 
101 000 110 000 032 000 112 000 108 000 
117 000 103 000 103 000 101 000 100 000 
032 000 105 000 110 000 046 000 013 000 
010 000 073 000 078 000 070 000 079 000 
058 000 032 000 032 000 032 000 078 000 
111 000 116 000 032 000 099 000 114 000 
101 000 097 000 116 000 105 000 110 000 
103 000 032 000 097 000 110 000 121 000 
032 000 065 000 100 000 100 000 032 000 
111 000 114 000 032 000 082 000 101 000 
109 000 111 000 118 000 101 000 032 000 
080 000 114 000 111 000 103 000 114 000 
097 000 109 000 115 000 032 000 101 000 
110 000 116 000 114 000 121 000 032 000 
098 000 101 000 099 000 097 000 117 000 
115 000 101 000 032 000 110 000 111 000 
116 000 032 000 115 000 117 000 112 000 
112 000 111 000 114 000 116 000 101 000 
100 000 032 000 111 000 110 000 032 000 
076 000 111 000 110 000 103 000 104 000 
111 000 114 000 110 000 032 000 121 000 
101 000 116 000 046 000 013 000 010 000 
073 000 078 000 070 000 079 000 058 000 
032 000 032 000 032 000 082 000 101 000 
116 000 117 000 114 000 110 000 105 000 
110 000 103 000 032 000 119 000 105 000 
116 000 104 000 032 000 099 000 111 000 
100 000 101 000 032 000 048 000 120 000 
049 000 048 000 048 000 013 000 010 000 
073 000 078 000 070 000 079 000 058 000 
032 000 032 000 032 000 049 000 048 000 
047 000 050 000 053 000 047 000 050 000 
048 000 049 000 052 000 032 000 049 000 
055 000 058 000 051 000 051 000 058 000 
051 000 052 000 013 000 010 000 
